175.937827 -37.394767
175.938842 -37.394363
175.939857 -37.393960
175.940872 -37.393556
175.941888 -37.393152
175.942903 -37.392748
175.943918 -37.392344
175.944933 -37.391940
175.945948 -37.391536
175.946963 -37.391132
175.947978 -37.390728
175.948993 -37.390324
175.950008 -37.389920
175.951023 -37.389516
175.952038 -37.389112
175.953053 -37.388708
175.954068 -37.388304
175.955083 -37.387900
175.956098 -37.387496
175.957113 -37.387092
175.958128 -37.386688
175.959143 -37.386284
175.960158 -37.385880
175.961173 -37.385476
175.962188 -37.385072
175.963203 -37.384667
175.964218 -37.384263
175.965233 -37.383859
175.966247 -37.383455
175.967262 -37.383051
175.968277 -37.382647
175.969292 -37.382243
175.970307 -37.381839
175.971322 -37.381434
175.972336 -37.381030
175.973351 -37.380626
175.974366 -37.380222
175.975381 -37.379818
175.976395 -37.379413
175.977410 -37.379009
175.978425 -37.378605
175.979440 -37.378201
175.980454 -37.377796
175.981469 -37.377392
175.982484 -37.376988
175.983498 -37.376584
175.984513 -37.376179
175.985528 -37.375775
175.986542 -37.375371
175.987557 -37.374966
175.988572 -37.374562
175.989586 -37.374158
175.990601 -37.373753
175.991615 -37.373349
175.992630 -37.372945
175.993645 -37.372540
175.994659 -37.372136
175.995674 -37.371732
175.996688 -37.371327
175.997703 -37.370923
175.998717 -37.370518
175.999732 -37.370114
176.000746 -37.369710
176.001761 -37.369305
176.002775 -37.368901
176.003790 -37.368496
176.004804 -37.368092
176.005818 -37.367687
176.006833 -37.367283
176.007847 -37.366878
176.008862 -37.366474
176.009876 -37.366069
176.010890 -37.365665
176.011905 -37.365260
176.012919 -37.364856
176.013933 -37.364451
176.014948 -37.364047
176.015962 -37.363642
176.016976 -37.363238
176.017991 -37.362833
176.019005 -37.362428
176.020019 -37.362024
176.021034 -37.361619
176.022048 -37.361215
176.023062 -37.360810
176.024076 -37.360405
176.025091 -37.360001
176.026105 -37.359596
176.027119 -37.359191
176.028133 -37.358787
176.029147 -37.358382
176.030161 -37.357977
176.031176 -37.357573
176.032190 -37.357168
176.033204 -37.356763
176.034218 -37.356359
176.035232 -37.355954
176.036246 -37.355549
176.037260 -37.355145
176.038274 -37.354740
176.039288 -37.354335
176.040303 -37.353930
176.041317 -37.353525
176.042331 -37.353121
176.043345 -37.352716
176.044359 -37.352311
176.045373 -37.351906
176.046387 -37.351501
176.047401 -37.351097
176.048415 -37.350692
176.049428 -37.350287
176.050442 -37.349882
176.051456 -37.349477
176.052470 -37.349072
176.053484 -37.348668
176.054498 -37.348263
176.055512 -37.347858
176.056526 -37.347453
176.057540 -37.347048
176.058554 -37.346643
176.059567 -37.346238
176.060581 -37.345833
176.061595 -37.345428
176.062609 -37.345023
176.063623 -37.344618
176.064485 -37.345201
176.065347 -37.345783
176.066209 -37.346366
176.067071 -37.346948
176.067933 -37.347531
176.068795 -37.348113
176.069658 -37.348695
176.070520 -37.349278
176.071382 -37.349860
176.072244 -37.350443
176.073106 -37.351025
176.073969 -37.351607
176.074831 -37.352190
176.075693 -37.352772
176.076556 -37.353355
176.077418 -37.353937
176.078280 -37.354519
176.079142 -37.355102
176.080005 -37.355684
176.080867 -37.356266
176.081729 -37.356849
176.082592 -37.357431
176.083454 -37.358013
176.084317 -37.358596
176.085179 -37.359178
176.086041 -37.359760
176.086904 -37.360343
176.087766 -37.360925
176.088629 -37.361507
176.089491 -37.362089
176.090354 -37.362672
176.091216 -37.363254
176.092079 -37.363836
176.092941 -37.364418
176.093804 -37.365001
176.094667 -37.365583
176.095529 -37.366165
176.096392 -37.366747
176.097254 -37.367330
176.098117 -37.367912
176.098980 -37.368494
176.099842 -37.369076
176.100705 -37.369658
176.101568 -37.370241
176.102430 -37.370823
176.103293 -37.371405
176.104156 -37.371987
176.105018 -37.372569
176.105881 -37.373151
176.106744 -37.373734
176.107607 -37.374316
176.108469 -37.374898
176.109332 -37.375480
176.110195 -37.376062
176.111058 -37.376644
176.111921 -37.377226
176.112784 -37.377808
176.113646 -37.378390
176.114509 -37.378973
176.115372 -37.379555
176.116235 -37.380137
176.117098 -37.380719
176.117961 -37.381301
176.118824 -37.381883
176.119687 -37.382465
176.120550 -37.383047
176.121413 -37.383629
176.122276 -37.384211
176.123139 -37.384793
176.124002 -37.385375
176.124865 -37.385957
176.125728 -37.386539
176.126591 -37.387121
176.127454 -37.387703
176.128317 -37.388285
176.129180 -37.388867
176.130043 -37.389449
176.130906 -37.390031
176.131770 -37.390613
176.132633 -37.391195
176.133496 -37.391777
176.134359 -37.392359
176.135222 -37.392941
176.136085 -37.393523
176.136949 -37.394105
176.137812 -37.394687
176.138675 -37.395269
176.139538 -37.395850
176.140402 -37.396432
176.141265 -37.397014
176.142128 -37.397596
176.142992 -37.398178
176.143855 -37.398760
176.144718 -37.399342
176.145582 -37.399924
176.146445 -37.400505
176.147308 -37.401087
176.148172 -37.401669
176.149035 -37.402251
176.149899 -37.402833
176.150762 -37.403415
176.151626 -37.403996
176.152489 -37.404578
176.153353 -37.405160
176.154216 -37.405742
176.155080 -37.406324
176.155943 -37.406905
176.156807 -37.407487
176.157670 -37.408069
176.158534 -37.408651
176.159397 -37.409232
176.160261 -37.409814
176.161124 -37.410396
176.161988 -37.410978
176.162852 -37.411559
176.163715 -37.412141
176.164579 -37.412723
176.165443 -37.413305
176.166306 -37.413886
176.167170 -37.414468
176.168034 -37.415050
176.168897 -37.415631
176.169761 -37.416213
176.170625 -37.416795
176.171489 -37.417376
176.172352 -37.417958
176.173216 -37.418540
176.174080 -37.419121
176.174944 -37.419703
176.175808 -37.420285
176.176672 -37.420866
176.177535 -37.421448
176.178399 -37.422030
176.179263 -37.422611
176.180127 -37.423193
176.180991 -37.423774
176.181855 -37.424356
176.182719 -37.424937
176.183583 -37.425519
176.184447 -37.426101
176.185311 -37.426682
176.186175 -37.427264
176.187039 -37.427845
176.187903 -37.428427
176.188767 -37.429008
176.189631 -37.429590
176.190495 -37.430171
176.191359 -37.430753
176.192223 -37.431334
176.193087 -37.431916
176.193951 -37.432497
176.194815 -37.433079
176.195680 -37.433660
176.196544 -37.434242
176.197408 -37.434823
176.198272 -37.435405
176.199136 -37.435986
176.200000 -37.436568
176.200865 -37.437149
176.201729 -37.437731
176.202593 -37.438312
176.203457 -37.438894
176.204322 -37.439475
176.205186 -37.440056
176.206050 -37.440638
176.206915 -37.441219
176.207779 -37.441801
176.208643 -37.442382
176.209508 -37.442963
176.210372 -37.443545
176.211236 -37.444126
176.212101 -37.444707
176.212965 -37.445289
176.213830 -37.445870
176.214694 -37.446451
176.215559 -37.447033
176.216423 -37.447614
176.217288 -37.448195
176.218152 -37.448777
176.219017 -37.449358
176.219881 -37.449939
176.220746 -37.450521
176.221610 -37.451102
176.222475 -37.451683
176.223339 -37.452265
176.224204 -37.452846
176.225068 -37.453427
176.225933 -37.454008
176.226798 -37.454590
176.227662 -37.455171
176.228527 -37.455752
176.229392 -37.456333
176.230256 -37.456914
176.231121 -37.457496
176.231986 -37.458077
176.232850 -37.458658
176.233715 -37.459239
176.234580 -37.459821
176.235445 -37.460402
176.236310 -37.460983
176.237174 -37.461564
176.238039 -37.462145
176.238904 -37.462726
176.239769 -37.463308
176.240634 -37.463889
176.241498 -37.464470
176.242363 -37.465051
176.243228 -37.465632
176.244093 -37.466213
176.244958 -37.466794
176.245823 -37.467375
176.246688 -37.467957
176.247553 -37.468538
176.248418 -37.469119
176.249283 -37.469700
176.250148 -37.470281
176.251013 -37.470862
176.251878 -37.471443
176.252743 -37.472024
176.253608 -37.472605
176.254473 -37.473186
176.255338 -37.473767
176.256203 -37.474348
176.257068 -37.474929
176.257933 -37.475510
176.258798 -37.476091
176.259664 -37.476672
176.260529 -37.477253
176.261394 -37.477834
176.262259 -37.478415
176.263124 -37.478996
176.263990 -37.479577
176.264855 -37.480158
176.265720 -37.480739
176.266585 -37.481320
176.267451 -37.481901
176.268316 -37.482482
176.269181 -37.483063
176.270046 -37.483644
176.270912 -37.484225
176.271777 -37.484806
176.272642 -37.485387
176.273508 -37.485967
176.274373 -37.486548
176.275238 -37.487129
176.276104 -37.487710
176.276969 -37.488291
176.277835 -37.488872
176.278700 -37.489453
176.279566 -37.490034
176.280431 -37.490614
176.281297 -37.491195
176.282162 -37.491776
176.283028 -37.492357
176.283893 -37.492938
176.284759 -37.493519
176.285624 -37.494099
176.286490 -37.494680
176.287355 -37.495261
176.288221 -37.495842
176.289087 -37.496422
176.289952 -37.497003
176.290818 -37.497584
176.291683 -37.498165
176.292549 -37.498746
176.293415 -37.499326
176.294280 -37.499907
176.295146 -37.500488
176.296012 -37.501069
176.296878 -37.501649
176.297743 -37.502230
176.298609 -37.502811
176.299475 -37.503391
176.300341 -37.503972
176.301206 -37.504553
176.302072 -37.505133
176.302938 -37.505714
176.303804 -37.506295
176.304670 -37.506875
176.305536 -37.507456
176.306401 -37.508037
176.307267 -37.508617
176.308133 -37.509198
176.308999 -37.509779
176.309865 -37.510359
176.310731 -37.510940
176.311597 -37.511520
176.312463 -37.512101
176.313329 -37.512682
176.314195 -37.513262
176.315061 -37.513843
176.315927 -37.514423
176.316793 -37.515004
176.317659 -37.515585
176.318525 -37.516165
176.319391 -37.516746
176.320257 -37.517326
176.321123 -37.517907
176.321989 -37.518487
176.322856 -37.519068
176.323722 -37.519648
176.324588 -37.520229
176.325454 -37.520809
176.326320 -37.521390
176.327186 -37.521970
176.328053 -37.522551
176.328919 -37.523131
176.329785 -37.523712
176.330651 -37.524292
176.331518 -37.524873
176.332384 -37.525453
176.333250 -37.526034
176.334117 -37.526614
176.334983 -37.527194
176.335849 -37.527775
176.336716 -37.528355
176.337582 -37.528936
176.338448 -37.529516
176.339315 -37.530097
176.340181 -37.530677
176.341047 -37.531257
176.341914 -37.531838
176.342780 -37.532418
176.343647 -37.532998
176.344513 -37.533579
176.345380 -37.534159
176.346246 -37.534740
176.347113 -37.535320
176.347979 -37.535900
176.348846 -37.536481
176.349712 -37.537061
176.350579 -37.537641
176.351446 -37.538221
176.352312 -37.538802
176.353179 -37.539382
176.354045 -37.539962
176.354912 -37.540543
176.355779 -37.541123
176.356645 -37.541703
176.357512 -37.542283
176.358379 -37.542864
176.359245 -37.543444
176.360112 -37.544024
176.360979 -37.544604
176.361846 -37.545185
176.362712 -37.545765
176.363579 -37.546345
176.364446 -37.546925
176.365313 -37.547505
176.366179 -37.548086
176.367046 -37.548666
176.367913 -37.549246
176.368780 -37.549826
176.369647 -37.550406
176.370514 -37.550987
176.371381 -37.551567
176.372247 -37.552147
176.373114 -37.552727
176.373981 -37.553307
176.374848 -37.553887
176.375715 -37.554467
176.376582 -37.555048
176.377449 -37.555628
176.378316 -37.556208
176.379183 -37.556788
176.380050 -37.557368
176.380917 -37.557948
176.381784 -37.558528
176.382651 -37.559108
176.383518 -37.559688
176.384386 -37.560268
176.385253 -37.560848
176.386120 -37.561428
176.386987 -37.562008
176.387854 -37.562588
176.388721 -37.563169
176.389588 -37.563749
176.390456 -37.564329
176.391323 -37.564909
176.392190 -37.565489
176.393057 -37.566069
176.393924 -37.566649
176.394792 -37.567229
176.395659 -37.567808
176.396526 -37.568388
176.397394 -37.568968
176.398261 -37.569548
176.399128 -37.570128
176.399996 -37.570708
176.400863 -37.571288
176.401730 -37.571868
176.402598 -37.572448
176.403465 -37.573028
176.404332 -37.573608
176.405200 -37.574188
176.406067 -37.574768
176.406935 -37.575348
176.407802 -37.575927
176.408670 -37.576507
176.409537 -37.577087
176.410405 -37.577667
176.411272 -37.578247
176.412140 -37.578827
176.413007 -37.579407
176.413875 -37.579986
176.414742 -37.580566
176.415610 -37.581146
176.416478 -37.581726
176.417345 -37.582306
176.418213 -37.582885
176.419080 -37.583465
176.419948 -37.584045
176.420816 -37.584625
176.421683 -37.585205
176.422551 -37.585784
176.423419 -37.586364
176.424286 -37.586944
176.425352 -37.587249
176.426418 -37.587554
176.427484 -37.587858
176.428550 -37.588163
176.429616 -37.588468
176.430682 -37.588773
176.431747 -37.589078
176.432813 -37.589383
176.433879 -37.589687
176.434945 -37.589992
176.436011 -37.590297
176.437077 -37.590602
176.438143 -37.590906
176.439209 -37.591211
176.440275 -37.591516
176.441341 -37.591821
176.442407 -37.592125
176.443473 -37.592430
176.444539 -37.592735
176.445605 -37.593039
176.446671 -37.593344
176.447737 -37.593649
176.448803 -37.593953
176.449869 -37.594258
176.450935 -37.594563
176.452001 -37.594867
176.453067 -37.595172
176.454133 -37.595476
176.455199 -37.595781
176.456265 -37.596086
176.457331 -37.596390
176.458397 -37.596695
176.459463 -37.596999
176.460529 -37.597304
176.461596 -37.597608
176.462662 -37.597913
176.463728 -37.598217
176.464794 -37.598522
176.465860 -37.598826
176.466926 -37.599131
176.467992 -37.599435
176.469059 -37.599740
176.470125 -37.600044
176.471191 -37.600349
176.472257 -37.600653
176.473323 -37.600957
176.474390 -37.601262
176.475456 -37.601566
176.476522 -37.601871
176.477588 -37.602175
176.478655 -37.602479
176.479721 -37.602784
176.480787 -37.603088
176.481854 -37.603392
176.482920 -37.603697
176.483986 -37.604001
176.485052 -37.604305
176.486119 -37.604610
176.487185 -37.604914
176.488251 -37.605218
176.489318 -37.605523
176.490384 -37.605827
176.491451 -37.606131
176.492517 -37.606435
176.493583 -37.606740
176.494650 -37.607044
176.495716 -37.607348
176.496782 -37.607652
176.497849 -37.607956
176.498915 -37.608261
176.499982 -37.608565
176.501048 -37.608869
176.502115 -37.609173
176.503181 -37.609477
176.504248 -37.609781
176.505314 -37.610086
176.506381 -37.610390
176.507447 -37.610694
176.508514 -37.610998
176.509580 -37.611302
176.510647 -37.611606
176.511713 -37.611910
176.512780 -37.612214
176.513846 -37.612518
176.514913 -37.612822
176.515979 -37.613126
176.517046 -37.613430
176.518113 -37.613734
176.519179 -37.614038
176.520246 -37.614342
176.521312 -37.614646
176.522379 -37.614950
176.523446 -37.615254
176.524512 -37.615558
176.525579 -37.615862
176.526646 -37.616166
176.527712 -37.616470
176.528779 -37.616774
176.529846 -37.617078
176.530912 -37.617382
176.531979 -37.617686
176.533046 -37.617990
176.534112 -37.618293
176.535179 -37.618597
176.536246 -37.618901
176.537313 -37.619205
176.538379 -37.619509
176.539446 -37.619813
176.540513 -37.620116
176.541580 -37.620420
176.542646 -37.620724
176.543713 -37.621028
176.544780 -37.621332
176.545847 -37.621635
176.546914 -37.621939
176.547981 -37.622243
176.549047 -37.622547
176.550114 -37.622850
176.551181 -37.623154
176.552248 -37.623458
176.553315 -37.623761
176.554382 -37.624065
176.555449 -37.624369
176.556516 -37.624672
176.557582 -37.624976
176.558649 -37.625280
176.559716 -37.625583
176.560783 -37.625887
176.561850 -37.626191
176.562917 -37.626494
176.563984 -37.626798
176.565051 -37.627101
176.566118 -37.627405
176.567185 -37.627708
176.568252 -37.628012
176.569319 -37.628316
176.570386 -37.628619
176.571453 -37.628923
176.572520 -37.629226
176.573587 -37.629530
176.574654 -37.629833
176.575721 -37.630137
176.576788 -37.630440
176.577855 -37.630744
176.578922 -37.631047
176.579990 -37.631350
176.581057 -37.631654
176.582124 -37.631957
176.583191 -37.632261
176.584258 -37.632564
176.585325 -37.632867
176.586392 -37.633171
176.587459 -37.633474
176.588527 -37.633778
176.589594 -37.634081
176.590661 -37.634384
176.591728 -37.634688
176.592795 -37.634991
176.593863 -37.635294
176.594930 -37.635598
176.595997 -37.635901
176.597064 -37.636204
176.598131 -37.636507
176.599199 -37.636811
176.600266 -37.637114
176.601333 -37.637417
176.602400 -37.637720
176.603468 -37.638024
176.604535 -37.638327
176.605602 -37.638630
176.606670 -37.638933
176.607737 -37.639237
176.608804 -37.639540
176.609872 -37.639843
176.610939 -37.640146
176.612006 -37.640449
176.613074 -37.640752
176.614141 -37.641055
176.615208 -37.641359
176.616276 -37.641662
176.617343 -37.641965
176.618411 -37.642268
176.619478 -37.642571
176.620545 -37.642874
176.621613 -37.643177
176.622680 -37.643480
176.623748 -37.643783
176.624815 -37.644086
176.625883 -37.644389
176.626950 -37.644692
176.628018 -37.644995
176.629085 -37.645298
176.630153 -37.645601
176.631220 -37.645904
176.632288 -37.646207
176.633355 -37.646510
176.634423 -37.646813
176.635490 -37.647116
176.636558 -37.647419
176.637625 -37.647722
176.638693 -37.648025
176.639761 -37.648328
176.640828 -37.648631
176.641896 -37.648933
176.642963 -37.649236
176.644031 -37.649539
176.645099 -37.649842
176.646166 -37.650145
176.647234 -37.650448
176.648301 -37.650750
176.649369 -37.651053
176.650437 -37.651356
176.651504 -37.651659
176.652572 -37.651962
176.653640 -37.652264
176.654708 -37.652567
176.655775 -37.652870
176.656843 -37.653173
176.657911 -37.653475
176.658978 -37.653778
176.660046 -37.654081
176.661114 -37.654383
176.662182 -37.654686
176.663249 -37.654989
176.664317 -37.655292
176.665385 -37.655594
176.666453 -37.655897
176.667521 -37.656199
176.668588 -37.656502
176.669656 -37.656805
176.670724 -37.657107
176.671792 -37.657410
176.672860 -37.657713
176.673928 -37.658015
176.674996 -37.658318
176.676063 -37.658620
176.677131 -37.658923
176.678199 -37.659225
176.679267 -37.659528
176.680335 -37.659830
176.681403 -37.660133
176.682471 -37.660435
176.683539 -37.660738
176.684607 -37.661040
176.685675 -37.661343
176.686743 -37.661645
176.687811 -37.661948
176.688879 -37.662250
176.689947 -37.662553
176.691015 -37.662855
176.692083 -37.663157
176.693151 -37.663460
176.694219 -37.663762
176.695287 -37.664065
176.696355 -37.664367
176.697423 -37.664669
176.698491 -37.664972
176.699559 -37.665274
176.700627 -37.665576
176.701695 -37.665879
176.702763 -37.666181
176.703831 -37.666483
176.704899 -37.666786
176.705967 -37.667088
176.707035 -37.667390
176.708104 -37.667692
176.709172 -37.667995
176.710240 -37.668297
176.711308 -37.668599
176.712376 -37.668901
176.713444 -37.669204
176.714513 -37.669506
176.715581 -37.669808
176.716649 -37.670110
176.717717 -37.670412
176.718785 -37.670715
176.719854 -37.671017
176.720922 -37.671319
176.721990 -37.671621
176.723058 -37.671923
176.724127 -37.672225
176.725195 -37.672527
176.726263 -37.672829
176.727331 -37.673132
176.728400 -37.673434
176.729468 -37.673736
176.730536 -37.674038
176.731605 -37.674340
176.732673 -37.674642
176.733741 -37.674944
176.734810 -37.675246
176.735878 -37.675548
176.736946 -37.675850
176.738015 -37.676152
176.739083 -37.676454
176.740152 -37.676756
176.741220 -37.677058
176.742288 -37.677360
176.743357 -37.677662
176.744425 -37.677964
176.745494 -37.678266
176.746562 -37.678567
176.747631 -37.678869
176.748699 -37.679171
176.749767 -37.679473
176.750836 -37.679775
176.751904 -37.680077
176.752973 -37.680379
176.754041 -37.680681
176.755110 -37.680982
176.756178 -37.681284
176.757247 -37.681586
176.758316 -37.681888
176.759384 -37.682190
176.760453 -37.682491
176.761521 -37.682793
176.762590 -37.683095
176.763658 -37.683397
176.764727 -37.683698
176.765796 -37.684000
176.766864 -37.684302
176.767933 -37.684604
176.769001 -37.684905
176.770070 -37.685207
176.771139 -37.685509
176.772207 -37.685810
176.773276 -37.686112
176.774345 -37.686414
176.775413 -37.686715
176.776482 -37.687017
176.777551 -37.687319
176.778619 -37.687620
176.779688 -37.687922
176.780757 -37.688223
176.781826 -37.688525
176.782894 -37.688827
176.783963 -37.689128
176.785032 -37.689430
176.786101 -37.689731
176.787169 -37.690033
176.788238 -37.690334
176.789307 -37.690636
176.790376 -37.690937
176.791444 -37.691239
176.792513 -37.691540
176.793582 -37.691842
176.794651 -37.692143
176.795720 -37.692445
176.796789 -37.692746
176.797858 -37.693048
176.798926 -37.693349
176.799995 -37.693650
176.801064 -37.693952
176.802133 -37.694253
176.803202 -37.694555
176.804271 -37.694856
176.805340 -37.695157
176.806409 -37.695459
176.807478 -37.695760
176.808547 -37.696061
176.809616 -37.696363
176.810684 -37.696664
176.811753 -37.696965
176.812822 -37.697267
176.813891 -37.697568
176.814960 -37.697869
176.816029 -37.698170
176.817098 -37.698472
176.818167 -37.698773
176.819236 -37.699074
176.820306 -37.699375
176.821375 -37.699677
176.822444 -37.699978
176.823513 -37.700279
176.824582 -37.700580
176.825651 -37.700881
176.826720 -37.701183
176.827789 -37.701484
176.828858 -37.701785
176.829927 -37.702086
176.830996 -37.702387
176.832066 -37.702688
176.833135 -37.702989
176.834204 -37.703290
176.835273 -37.703592
176.836342 -37.703893
176.837411 -37.704194
176.838481 -37.704495
176.839550 -37.704796
176.840619 -37.705097
176.841688 -37.705398
176.842757 -37.705699
176.843827 -37.706000
176.844896 -37.706301
176.845965 -37.706602
176.847034 -37.706903
176.848104 -37.707204
176.849173 -37.707505
176.850242 -37.707806
176.851311 -37.708107
176.852381 -37.708408
176.853450 -37.708709
176.854519 -37.709010
176.855589 -37.709310
176.856658 -37.709611
176.857727 -37.709912
176.858797 -37.710213
176.859866 -37.710514
176.860935 -37.710815
176.862005 -37.711116
176.863074 -37.711416
176.864144 -37.711717
176.865213 -37.712018
176.866282 -37.712319
176.867352 -37.712620
176.868421 -37.712921
176.869491 -37.713221
176.870560 -37.713522
176.871630 -37.713823
176.872699 -37.714124
176.873769 -37.714424
176.874838 -37.714725
176.875907 -37.715026
176.876977 -37.715326
176.878046 -37.715627
176.879116 -37.715928
176.880186 -37.716228
176.881255 -37.716529
176.882325 -37.716830
176.883394 -37.717130
176.884464 -37.717431
176.885533 -37.717732
176.886603 -37.718032
176.887672 -37.718333
176.888742 -37.718634
176.889812 -37.718934
176.890881 -37.719235
176.891951 -37.719535
176.893020 -37.719836
176.894090 -37.720136
176.895160 -37.720437
176.896229 -37.720737
176.897299 -37.721038
176.898369 -37.721338
176.899438 -37.721639
176.900508 -37.721939
176.901578 -37.722240
176.902647 -37.722540
176.903717 -37.722841
176.904787 -37.723141
176.905857 -37.723442
176.906926 -37.723742
176.907996 -37.724043
176.909066 -37.724343
176.910136 -37.724643
176.911205 -37.724944
176.912275 -37.725244
176.913345 -37.725545
176.914415 -37.725845
176.915485 -37.726145
176.916554 -37.726446
176.917624 -37.726746
176.918694 -37.727046
176.919764 -37.727347
176.920834 -37.727647
176.921904 -37.727947
176.922973 -37.728247
176.924043 -37.728548
176.925113 -37.728848
176.926183 -37.729148
176.927253 -37.729448
176.928323 -37.729749
176.929393 -37.730049
176.930463 -37.730349
176.931533 -37.730649
176.932603 -37.730950
176.933673 -37.731250
176.934743 -37.731550
176.935812 -37.731850
176.936882 -37.732150
176.937952 -37.732450
176.939022 -37.732750
176.940092 -37.733051
176.941162 -37.733351
176.942232 -37.733651
176.943303 -37.733951
176.944373 -37.734251
176.945443 -37.734551
176.946513 -37.734851
176.947583 -37.735151
176.948653 -37.735451
176.949723 -37.735751
176.950793 -37.736051
176.951863 -37.736351
176.952933 -37.736651
176.954003 -37.736951
176.955073 -37.737251
176.956144 -37.737551
176.957214 -37.737851
176.958284 -37.738151
176.959354 -37.738451
176.960424 -37.738751
176.961494 -37.739051
176.962564 -37.739351
176.963635 -37.739651
176.964705 -37.739951
176.965775 -37.740251
176.966845 -37.740550
176.967916 -37.740850
176.968986 -37.741150
176.970056 -37.741450
176.971126 -37.741750
176.972197 -37.742050
176.973267 -37.742349
176.974337 -37.742649
176.975407 -37.742949
176.976478 -37.743249
176.977548 -37.743549
176.978618 -37.743848
176.979689 -37.744148
176.980759 -37.744448
176.981829 -37.744748
176.982900 -37.745047
176.983970 -37.745347
176.985040 -37.745647
176.986111 -37.745946
176.987181 -37.746246
176.988251 -37.746546
176.989322 -37.746846
176.990392 -37.747145
176.991463 -37.747445
176.992533 -37.747744
176.993604 -37.748044
176.994674 -37.748344
176.995744 -37.748643
176.996815 -37.748943
176.997885 -37.749243
176.998956 -37.749542
177.000026 -37.749842
177.001097 -37.750141
177.002167 -37.750441
177.003238 -37.750740
177.004308 -37.751040
177.005379 -37.751339
177.006449 -37.751639
177.007520 -37.751938
177.008590 -37.752238
177.009661 -37.752537
177.010732 -37.752837
177.011802 -37.753136
177.012873 -37.753436
177.013943 -37.753735
177.015014 -37.754035
177.016084 -37.754334
177.017155 -37.754633
177.018226 -37.754933
177.019296 -37.755232
177.020367 -37.755532
177.021438 -37.755831
177.022508 -37.756130
177.023579 -37.756430
177.024650 -37.756729
177.025720 -37.757028
177.026791 -37.757328
177.027862 -37.757627
177.028932 -37.757926
177.030003 -37.758226
177.031074 -37.758525
177.032145 -37.758824
177.033215 -37.759123
177.034286 -37.759423
177.035357 -37.759722
177.036428 -37.760021
177.037498 -37.760320
177.038569 -37.760620
177.039640 -37.760919
177.040711 -37.761218
177.041781 -37.761517
177.042852 -37.761816
177.043923 -37.762115
177.044994 -37.762415
177.046065 -37.762714
177.047136 -37.763013
177.048207 -37.763312
177.049277 -37.763611
177.050348 -37.763910
177.051419 -37.764209
177.052490 -37.764508
177.053561 -37.764807
177.054632 -37.765107
177.055703 -37.765406
177.056774 -37.765705
177.057845 -37.766004
177.058916 -37.766303
177.059987 -37.766602
177.061058 -37.766901
177.062128 -37.767200
177.063199 -37.767499
177.064270 -37.767798
177.065341 -37.768097
177.066412 -37.768396
177.067483 -37.768695
177.068554 -37.768993
177.069626 -37.769292
177.070697 -37.769591
177.071768 -37.769890
177.072839 -37.770189
177.073910 -37.770488
177.074981 -37.770787
177.076052 -37.771086
177.077123 -37.771385
177.078194 -37.771683
177.079265 -37.771982
177.080336 -37.772281
177.081407 -37.772580
177.082479 -37.772879
177.083550 -37.773178
177.084621 -37.773476
177.085692 -37.773775
177.086763 -37.774074
177.087834 -37.774373
177.088906 -37.774671
177.089977 -37.774970
177.091048 -37.775269
177.092119 -37.775568
177.093190 -37.775866
177.094262 -37.776165
177.095333 -37.776464
177.096404 -37.776762
177.097475 -37.777061
177.098547 -37.777360
177.099618 -37.777658
177.100689 -37.777957
177.101760 -37.778256
177.102832 -37.778554
177.103903 -37.778853
177.104974 -37.779151
177.106046 -37.779450
177.107117 -37.779749
177.108188 -37.780047
177.109260 -37.780346
177.110331 -37.780644
177.111402 -37.780943
177.112474 -37.781241
177.113545 -37.781540
177.114617 -37.781838
177.115688 -37.782137
177.116759 -37.782435
177.117831 -37.782734
177.118902 -37.783032
177.119974 -37.783331
177.121045 -37.783629
177.122116 -37.783928
177.123188 -37.784226
177.124259 -37.784524
177.125331 -37.784823
177.126402 -37.785121
177.127474 -37.785420
177.128545 -37.785718
177.129617 -37.786016
177.130688 -37.786315
177.131760 -37.786613
177.132831 -37.786911
177.133903 -37.787210
177.134975 -37.787508
177.136046 -37.787806
177.137118 -37.788105
177.138189 -37.788403
177.139261 -37.788701
177.140332 -37.789000
177.141404 -37.789298
177.142476 -37.789596
177.143547 -37.789894
177.144619 -37.790193
177.145691 -37.790491
177.146762 -37.790789
177.147834 -37.791087
177.148905 -37.791385
177.149977 -37.791684
177.151049 -37.791982
177.152121 -37.792280
177.153192 -37.792578
177.154264 -37.792876
177.155336 -37.793174
177.156407 -37.793472
177.157479 -37.793771
177.158551 -37.794069
177.159623 -37.794367
177.160694 -37.794665
177.161766 -37.794963
177.162838 -37.795261
177.163910 -37.795559
177.164981 -37.795857
177.166053 -37.796155
177.167125 -37.796453
177.168197 -37.796751
177.169269 -37.797049
177.170341 -37.797347
177.171412 -37.797645
177.172484 -37.797943
177.173556 -37.798241
177.174628 -37.798539
177.175700 -37.798837
177.176772 -37.799135
177.177844 -37.799433
177.178915 -37.799731
177.179987 -37.800029
177.181059 -37.800327
177.182131 -37.800624
177.183203 -37.800922
177.184275 -37.801220
177.185347 -37.801518
177.186419 -37.801816
177.187491 -37.802114
177.188563 -37.802411
177.189635 -37.802709
177.190707 -37.803007
177.191779 -37.803305
177.192851 -37.803603
177.193923 -37.803900
177.194995 -37.804198
177.196067 -37.804496
177.197139 -37.804794
177.198211 -37.805091
177.199283 -37.805389
177.200355 -37.805687
177.201427 -37.805985
177.202499 -37.806282
177.203572 -37.806580
177.204644 -37.806878
177.205716 -37.807175
177.206788 -37.807473
177.207860 -37.807771
177.208932 -37.808068
177.210004 -37.808366
177.211077 -37.808663
177.212149 -37.808961
177.213221 -37.809259
177.214293 -37.809556
177.215365 -37.809854
177.216437 -37.810151
177.217510 -37.810449
177.218582 -37.810746
177.219654 -37.811044
177.220726 -37.811341
177.221799 -37.811639
177.222871 -37.811936
177.223943 -37.812234
177.225015 -37.812531
177.226088 -37.812829
177.227160 -37.813126
177.228232 -37.813424
177.229305 -37.813721
177.230377 -37.814019
177.231449 -37.814316
177.232522 -37.814614
177.233594 -37.814911
177.234666 -37.815208
177.235739 -37.815506
177.236811 -37.815803
177.237883 -37.816100
177.238956 -37.816398
177.240028 -37.816695
177.241100 -37.816992
177.242173 -37.817290
177.243245 -37.817587
177.244318 -37.817884
177.245390 -37.818182
177.246463 -37.818479
177.247535 -37.818776
177.248608 -37.819073
177.249680 -37.819371
177.250752 -37.819668
177.251825 -37.819965
177.252897 -37.820262
177.253970 -37.820560
177.255042 -37.820857
177.256115 -37.821154
177.257188 -37.821451
177.258260 -37.821748
177.259333 -37.822045
177.260405 -37.822343
177.261478 -37.822640
177.262550 -37.822937
177.263623 -37.823234
177.264695 -37.823531
177.265768 -37.823828
177.266841 -37.824125
177.267913 -37.824422
177.268986 -37.824719
177.270059 -37.825017
177.271131 -37.825314
177.272204 -37.825611
177.273276 -37.825908
177.274349 -37.826205
177.275422 -37.826502
177.276494 -37.826799
177.277567 -37.827096
177.278640 -37.827393
177.279713 -37.827690
177.280785 -37.827987
177.281858 -37.828284
177.282931 -37.828580
177.284004 -37.828877
177.285076 -37.829174
177.286149 -37.829471
177.287222 -37.829768
177.288295 -37.830065
177.289367 -37.830362
177.290440 -37.830659
177.291513 -37.830956
177.292586 -37.831253
177.293659 -37.831549
177.294731 -37.831846
177.295804 -37.832143
177.296877 -37.832440
177.297950 -37.832737
177.299023 -37.833033
177.300096 -37.833330
177.301169 -37.833627
177.302241 -37.833924
177.303314 -37.834220
177.304387 -37.834517
177.305460 -37.834814
177.306533 -37.835111
177.307606 -37.835407
177.308679 -37.835704
177.309752 -37.836001
177.310825 -37.836297
177.311898 -37.836594
177.312971 -37.836891
177.314044 -37.837187
177.315117 -37.837484
177.316190 -37.837781
177.317263 -37.838077
177.318336 -37.838374
177.319409 -37.838671
177.320482 -37.838967
177.321555 -37.839264
177.322628 -37.839560
177.323701 -37.839857
177.324774 -37.840153
177.325847 -37.840450
177.326920 -37.840746
177.327993 -37.841043
177.329066 -37.841339
177.330139 -37.841636
177.331213 -37.841932
177.332286 -37.842229
177.333359 -37.842525
177.334432 -37.842822
177.335505 -37.843118
177.336578 -37.843415
177.337651 -37.843711
177.338725 -37.844008
177.339798 -37.844304
177.340871 -37.844600
177.341944 -37.844897
177.343017 -37.845193
177.344091 -37.845490
177.345164 -37.845786
177.346237 -37.846082
177.347310 -37.846379
177.348384 -37.846675
177.349457 -37.846971
177.350530 -37.847268
177.351603 -37.847564
177.352677 -37.847860
177.353750 -37.848156
177.354823 -37.848453
177.355897 -37.848749
177.356970 -37.849045
177.358043 -37.849342
177.359117 -37.849638
177.360190 -37.849934
177.361263 -37.850230
177.362337 -37.850526
177.363410 -37.850823
177.364483 -37.851119
177.365557 -37.851415
177.366630 -37.851711
177.367704 -37.852007
177.368777 -37.852303
177.369851 -37.852600
177.370924 -37.852896
177.371997 -37.853192
177.373071 -37.853488
177.374144 -37.853784
177.375218 -37.854080
177.376291 -37.854376
177.377365 -37.854672
177.378438 -37.854968
177.379512 -37.855264
177.380585 -37.855560
177.381659 -37.855856
177.382732 -37.856152
177.383806 -37.856448
177.384879 -37.856744
177.385953 -37.857040
177.387026 -37.857336
177.388100 -37.857632
177.389174 -37.857928
177.390247 -37.858224
177.391321 -37.858520
177.392394 -37.858816
177.393468 -37.859112
177.394542 -37.859408
177.395615 -37.859704
177.396689 -37.860000
177.397763 -37.860295
177.398836 -37.860591
177.399910 -37.860887
177.400984 -37.861183
177.402057 -37.861479
177.403131 -37.861775
177.404205 -37.862070
177.405278 -37.862366
177.406352 -37.862662
177.407426 -37.862958
177.408499 -37.863254
177.409573 -37.863549
177.410647 -37.863845
177.411721 -37.864141
177.412794 -37.864437
177.413868 -37.864732
177.414942 -37.865028
177.416016 -37.865324
177.417090 -37.865619
177.418163 -37.865915
177.419237 -37.866211
177.420311 -37.866506
177.421385 -37.866802
177.422459 -37.867098
177.423533 -37.867393
177.424606 -37.867689
177.425680 -37.867985
177.426754 -37.868280
177.427828 -37.868576
177.428902 -37.868871
177.429976 -37.869167
177.431050 -37.869463
177.432124 -37.869758
177.433198 -37.870054
177.434272 -37.870349
177.435346 -37.870645
177.436419 -37.870940
177.437493 -37.871236
177.438576 -37.871520
177.439659 -37.871805
177.440742 -37.872089
177.441825 -37.872373
177.442908 -37.872658
177.443991 -37.872942
177.445074 -37.873227
177.446156 -37.873511
177.447239 -37.873795
177.448322 -37.874080
177.449405 -37.874364
177.450488 -37.874648
177.451571 -37.874933
177.452654 -37.875217
177.453737 -37.875501
177.454820 -37.875786
177.455903 -37.876070
177.456986 -37.876354
177.458069 -37.876638
177.459152 -37.876923
177.460235 -37.877207
177.461318 -37.877491
177.462401 -37.877775
177.463484 -37.878059
177.464567 -37.878344
177.465650 -37.878628
177.466733 -37.878912
177.467816 -37.879196
177.468899 -37.879480
177.469982 -37.879764
177.471065 -37.880049
177.472149 -37.880333
177.473232 -37.880617
177.474315 -37.880901
177.475398 -37.881185
177.476481 -37.881469
177.477564 -37.881753
177.478647 -37.882037
177.479730 -37.882321
177.480814 -37.882605
177.481897 -37.882889
177.482980 -37.883173
177.484063 -37.883457
177.485146 -37.883741
177.486230 -37.884025
177.487313 -37.884309
177.488396 -37.884593
177.489479 -37.884877
177.490562 -37.885161
177.491646 -37.885445
177.492729 -37.885729
177.493812 -37.886013
177.494896 -37.886297
177.495979 -37.886581
177.497062 -37.886865
177.498145 -37.887149
177.499229 -37.887432
177.500312 -37.887716
177.501395 -37.888000
177.502479 -37.888284
177.503562 -37.888568
177.504645 -37.888852
177.505729 -37.889135
177.506812 -37.889419
177.507895 -37.889703
177.508979 -37.889987
177.510062 -37.890271
177.511146 -37.890554
177.512229 -37.890838
177.513312 -37.891122
177.514396 -37.891406
177.515479 -37.891689
177.516563 -37.891973
177.517646 -37.892257
177.518730 -37.892540
177.519813 -37.892824
177.520897 -37.893108
177.521980 -37.893391
177.523064 -37.893675
177.524147 -37.893959
177.525231 -37.894242
177.526314 -37.894526
177.527398 -37.894809
177.528481 -37.895093
177.529565 -37.895377
177.530648 -37.895660
177.531732 -37.895944
177.532815 -37.896227
177.533899 -37.896511
177.534982 -37.896794
177.536066 -37.897078
177.537150 -37.897361
177.538233 -37.897645
177.539317 -37.897928
177.540400 -37.898212
177.541484 -37.898495
177.542568 -37.898779
177.543651 -37.899062
177.544735 -37.899346
177.545819 -37.899629
177.546902 -37.899913
177.547986 -37.900196
